n:   20
d: 5 
it: 1
N:[ 
1 2 
1 10 
2 3 
3 7 
3 10 
4 8 
4 9 
4 13 
5 10 
5 14 
6 7 
6 9 
6 10 
6 15 
7 8 
7 9 
8 11 
9 10 
11 14 
11 16 
12 13 
12 15 
12 16 
13 17 
13 18 
13 19 
14 16 
15 20 
16 19 
16 20 
] 
objh: -114.00      
solh:[1      2      3      3      3      3      3      3      3      3      6      3      4      3      3      4      4      5      4      3  ]  
C:[
-10.00  4.00  2.00  0.00  2.00  2.00  0.00 -2.00  0.00  0.00 -4.00  0.00  0.00  4.00 -2.00  0.00  2.00 -2.00 -2.00  4.00 
 4.00 -10.00  4.00 -2.00  4.00  0.00  2.00  0.00 -2.00  2.00  6.00  2.00 -2.00 -2.00  4.00 -6.00  0.00 -4.00  0.00  2.00 
 2.00  4.00 -10.00 -4.00 -6.00 -2.00  4.00 -2.00  0.00 -4.00  0.00  0.00  0.00  0.00  2.00  8.00 -2.00  6.00 -2.00 -4.00 
 0.00 -2.00 -4.00 -10.00  0.00 -4.00  2.00 -4.00 -2.00 -2.00  6.00 -2.00  2.00 -2.00  0.00  2.00  0.00  4.00  0.00 -2.00 
 2.00  4.00 -6.00  0.00 -10.00  2.00  0.00  2.00  0.00 -4.00 -4.00 -4.00  4.00  0.00 -2.00  4.00 -2.00  2.00  2.00 -4.00 
 2.00  0.00 -2.00 -4.00  2.00 -10.00  0.00 -6.00  0.00  0.00  4.00  4.00  4.00  0.00 -2.00  4.00  2.00  2.00  6.00  0.00 
 0.00  2.00  4.00  2.00  0.00  0.00 -10.00  0.00 -2.00 -2.00 -2.00 -2.00  6.00 -6.00 -8.00 -2.00  0.00  0.00  4.00 -2.00 
-2.00  0.00 -2.00 -4.00  2.00 -6.00  0.00 -10.00 -4.00  0.00  0.00  4.00  4.00  0.00 -2.00  4.00 -2.00  2.00  2.00  0.00 
 0.00 -2.00  0.00 -2.00  0.00  0.00 -2.00 -4.00 -10.00 -6.00  2.00  2.00  2.00 -2.00  0.00 -2.00 -8.00  0.00  0.00 -6.00 
 0.00  2.00 -4.00 -2.00 -4.00  0.00 -2.00  0.00 -6.00 -10.00  2.00  2.00  2.00 -2.00  0.00  2.00 -4.00  0.00  0.00 -6.00 
-4.00  6.00  0.00  6.00 -4.00  4.00 -2.00  0.00  2.00  2.00 -10.00 -2.00  2.00  2.00 -4.00  2.00  0.00  0.00  0.00  2.00 
 0.00  2.00  0.00 -2.00 -4.00  4.00 -2.00  4.00  2.00  2.00 -2.00 -10.00  2.00 -2.00 -4.00 -2.00  0.00  4.00  0.00 -2.00 
 0.00 -2.00  0.00  2.00  4.00  4.00  6.00  4.00  2.00  2.00  2.00  2.00 -10.00  2.00  8.00 -2.00  0.00  0.00 -8.00  2.00 
 4.00 -2.00  0.00 -2.00  0.00  0.00 -6.00  0.00 -2.00 -2.00  2.00 -2.00  2.00 -10.00 -4.00 -2.00  0.00  4.00  0.00 -2.00 
-2.00  4.00  2.00  0.00 -2.00 -2.00 -8.00 -2.00  0.00  0.00 -4.00 -4.00  8.00 -4.00 -10.00  0.00  2.00  2.00  6.00  0.00 
 0.00 -6.00  8.00  2.00  4.00  4.00 -2.00  4.00 -2.00  2.00  2.00 -2.00 -2.00 -2.00  0.00 -10.00  0.00 -4.00  0.00  2.00 
 2.00  0.00 -2.00  0.00 -2.00  2.00  0.00 -2.00 -8.00 -4.00  0.00  0.00  0.00  0.00  2.00  0.00 -10.00  2.00 -2.00 -8.00 
-2.00 -4.00  6.00  4.00  2.00  2.00  0.00  2.00  0.00  0.00  0.00  4.00  0.00  4.00  2.00 -4.00  2.00 -10.00  2.00  4.00 
-2.00  0.00 -2.00  0.00  2.00  6.00  4.00  2.00  0.00  0.00  0.00  0.00 -8.00  0.00  6.00  0.00 -2.00  2.00 -10.00  0.00 
 4.00  2.00 -4.00 -2.00 -4.00  0.00 -2.00  0.00 -6.00 -6.00  2.00 -2.00  2.00 -2.00  0.00  2.00 -8.00  4.00  0.00 -10.00 
] 
